1 0.490000 0.458000 0.880000 0.908000 
1 0.481667 0.446000 0.830000 0.764000 
1 0.440000 0.388000 0.760000 0.696000 
1 0.503333 0.476000 0.860000 0.816000 
1 0.485000 0.412000 0.783333 0.736000 
1 0.441667 0.392000 0.696667 0.696000 
1 0.523333 0.402000 0.800000 0.724000 
1 0.526667 0.434000 0.813333 0.788000 
1 0.498333 0.422000 0.863333 0.772000 
1 0.530000 0.482000 0.693333 0.692000 
1 0.478333 0.376000 0.823333 0.704000 
1 0.473333 0.394000 0.653333 0.716000 
1 0.515000 0.384000 0.743333 0.672000 
